Tom_X,Tom_Y,Jerry_X,Jerry_Y,Spike_X,Spike_Y
4,12,14,28,11,28
6,14,24,17,10,27
6,14,23,18,11,28
5,15,22,19,12,29
5,16,21,20,11,28
5,15,20,21,12,29
4,15,19,22,11,28
5,15,18,23,12,29
5,14,17,24,11,28
5,13,16,25,12,29
6,13,15,26,11,28
5,12,14,27,12,29
4,12,14,28,11,28
