Tom_X,Tom_Y,Jerry_X,Jerry_Y,Spike_X,Spike_Y
25,5,25,17,27,3
20,0,20,28,26,2
21,0,21,27,27,3
22,1,22,26,28,4
22,1,23,25,27,3
21,0,24,24,28,4
22,0,25,23,27,3
23,1,24,22,28,4
23,2,24,21,27,3
24,3,23,20,28,4
24,3,24,19,27,3
25,4,24,18,28,4
25,5,25,17,27,3
